35
38
53
69
72
73
62
60
61
51
64
48
52
62
55
53
45
39
51
51
53
57
58
67
61
69
62
70
65
68
59
55
54
63
65
68
75
70
71
71
45
51
56
70
76
72
60
52
60
72
76
76
55
69
78
75
70
75
56
47
56
54
68
72
68
71
61
65
66
69
78
69
63
70
63
52
48
58
68
76
78
77
66
62
58
51
50
64
59
75
76
76
79
78
81
81
79
84
83
83
80
78
80
85
90
84
73
69
75
78
84
82
73
74
78
80
80
80
82
82
85
88
86
83
84
88
85
83
84
85
87
83
85
86
86
91
90
91
83
91
85
83
90
90
84
84
93
90
91
92
92
91
95
94
94
88
93
89
84
89
90
96
98
97
96
90
94
95
93
94
94
98
90
91
92
92
95
96
96
97
96
86
93
93
95
98
98
98
97
99
100
99
100
101
101
101
100
100
100
100
102
103
103
102
100
100
101
100
102
101
101
101
100
96
98
99
103
102
98
101
102
101
102
102
102
94
102
101
103
105
97
100
101
101
100
99
101
102
90
87
76
75
83
88
93
95
86
81
91
93
92
85
83
87
88
91
92
89
88
89
91
93
95
88
84
89
78
77
77
80
82
84
78
81
82
82
86
84
69
75
78
85
85
80
81
72
81
81
68
72
77
80
80
81
84
85
92
78
76
76
76
75
74
77
83
84
83
81
79
79
78
81
67
77
77
77
78
75
68
67
72
75
67
61
61
72
80
73
76
81
64
38
52
69
71
61
66
75
78
77
75
68
55
61
56
69
56
64
65
72
65
67
62
62
69
74
58
52
53
56
64
63
54
49
44
mean
stddev
